name: albadah
channels:
  - conda-forge
  - defaults
dependencies:
  - asttokens=2.4.1=pyhd8ed1ab_0
  - backcall=0.2.0=pyh9f0ad1d_0
  - bzip2=1.0.8=hcfcfb64_5
  - ca-certificates=2023.11.17=h56e8100_0
  - colorama=0.4.6=pyhd8ed1ab_0
  - comm=0.2.1=pyhd8ed1ab_0
  - debugpy=1.8.0=py39h99910a6_1
  - decorator=5.1.1=pyhd8ed1ab_0
  - executing=2.0.1=pyhd8ed1ab_0
  - importlib-metadata=7.0.1=pyha770c72_0
  - importlib_metadata=7.0.1=hd8ed1ab_0
  - ipykernel=6.29.0=pyha63f2e9_0
  - ipython=8.12.0=pyh08f2357_0
  - jedi=0.19.1=pyhd8ed1ab_0
  - jupyter_client=8.6.0=pyhd8ed1ab_0
  - jupyter_core=5.7.1=py39hcbf5309_0
  - libffi=3.4.2=h8ffe710_5
  - libsodium=1.0.18=h8d14728_1
  - libsqlite=3.44.2=hcfcfb64_0
  - libzlib=1.2.13=hcfcfb64_5
  - matplotlib-inline=0.1.6=pyhd8ed1ab_0
  - nest-asyncio=1.6.0=pyhd8ed1ab_0
  - openssl=3.2.0=hcfcfb64_1
  - packaging=23.2=pyhd8ed1ab_0
  - parso=0.8.3=pyhd8ed1ab_0
  - pickleshare=0.7.5=py_1003
  - pip=23.3.2=pyhd8ed1ab_0
  - platformdirs=4.1.0=pyhd8ed1ab_0
  - prompt-toolkit=3.0.42=pyha770c72_0
  - prompt_toolkit=3.0.42=hd8ed1ab_0
  - psutil=5.9.8=py39ha55989b_0
  - pure_eval=0.2.2=pyhd8ed1ab_0
  - pygments=2.17.2=pyhd8ed1ab_0
  - python=3.9.18=h4de0772_1_cpython
  - python-dateutil=2.8.2=pyhd8ed1ab_0
  - python_abi=3.9=4_cp39
  - pywin32=306=py39h99910a6_2
  - pyzmq=25.1.2=py39h7eaf5a6_0
  - setuptools=69.0.3=pyhd8ed1ab_0
  - six=1.16.0=pyh6c4a22f_0
  - sqlite=3.44.2=hcfcfb64_0
  - stack_data=0.6.2=pyhd8ed1ab_0
  - tk=8.6.13=h5226925_1
  - tornado=6.3.3=py39ha55989b_1
  - traitlets=5.14.1=pyhd8ed1ab_0
  - typing_extensions=4.9.0=pyha770c72_0
  - ucrt=10.0.22621.0=h57928b3_0
  - vc=14.3=hcf57466_18
  - vc14_runtime=14.38.33130=h82b7239_18
  - vs2015_runtime=14.38.33130=hcb4865c_18
  - wcwidth=0.2.13=pyhd8ed1ab_0
  - wheel=0.42.0=pyhd8ed1ab_0
  - xz=5.2.6=h8d14728_0
  - zeromq=4.3.5=h63175ca_0
  - zipp=3.17.0=pyhd8ed1ab_0
  - pip:
      - amqp==5.2.0
      - asgiref==3.7.2
      - async-timeout==4.0.3
      - attrs==23.2.0
      - autobahn==23.6.2
      - automat==22.10.0
      - billiard==4.2.0
      - celery==5.3.6
      - cffi==1.16.0
      - channels==4.0.0
      - channels-redis==4.2.0
      - click==8.1.7
      - click-didyoumean==0.3.0
      - click-plugins==1.1.1
      - click-repl==0.3.0
      - constantly==23.10.4
      - cron-descriptor==1.4.3
      - cryptography==42.0.2
      - daphne==4.0.0
      - django==4.2.9
      - django-celery-beat==2.5.0
      - django-celery-results==2.5.1
      - django-smtp-ssl==1.0
      - django-timezone-field==6.1.0
      - future==0.18.3
      - greenlet==3.0.3
      - hyperlink==21.0.0
      - incremental==22.10.0
      - iso8601==2.1.0
      - kombu==5.3.5
      - minimalmodbus==2.1.1
      - msgpack==1.0.7
      - mysql-connector-python==8.3.0
      - mysqlclient==2.2.1
      - numpy==1.26.4
      - ordered-set==4.1.0
      - pandas==2.2.1
      - plotly==5.4.0
      - pyasn1==0.5.1
      - pyasn1-modules==0.3.0
      - pycparser==2.21
      - pymodbus==3.6.3
      - pymodbustcp==0.2.1
      - pymysql==1.1.0
      - pyopenssl==24.0.0
      - pyserial==3.5
      - python-crontab==3.0.0
      - python-nmap==0.7.1
      - pytz==2024.1
      - pyyaml==6.0.1
      - redis==5.0.1
      - scapy==2.5.0
      - serial==0.0.97
      - service-identity==24.1.0
      - sqlalchemy==2.0.25
      - sqlparse==0.4.4
      - tenacity==8.2.3
      - twisted==23.10.0
      - twisted-iocpsupport==1.0.4
      - txaio==23.1.1
      - tzdata==2023.4
      - vine==5.1.0
      - watchdog==4.0.0
      - zope-interface==6.1
prefix: Y:\Anaconda\envs\albadah
